light_speed = 299792458;